epoch,elbo,nll,kl,prior_std
347.4941711425781,0.843482918092396,0.08593940734863281
52.304588317871094,0.4419605934313837,0.08686791360378265
-19.233983993530273,0.2511500934051787,0.08739521354436874
-42.76396560668945,0.18190801534098303,0.08780410885810852
-53.56190490722656,0.15402478222542157,0.08818576484918594
-62.804866790771484,0.14792910689575256,0.08854597061872482
-67.14888000488281,0.1269815971166554,0.0888822078704834
-75.96772003173828,0.12626569700587367,0.08918418735265732
-80.72543334960938,0.12012133577316333,0.0894654244184494
-83.80970764160156,0.11548670126827704,0.08972577750682831
-86.28298950195312,0.1092106494591297,0.08996045589447021
-87.8168716430664,0.10457180673496314,0.09018407762050629
-88.97628784179688,0.10255204476943916,0.09040486812591553
-87.56582641601562,0.10756713717518411,0.09063267707824707
-86.91322326660156,0.09565537863053286,0.09085387736558914
-89.95524597167969,0.10421381571316476,0.09110475331544876
-90.73371887207031,0.09653012716534565,0.09135360270738602
-90.30030822753906,0.1003003313834131,0.09161263704299927
-89.09464263916016,0.10099644053417327,0.09189838171005249
-88.24327850341797,0.10253167600208102,0.09218625724315643
-89.73350524902344,0.09444460576544514,0.09251147508621216
-89.56973266601562,0.0924333869535588,0.09281445294618607
-91.00564575195312,0.09348517583557706,0.0931175947189331
-91.58612060546875,0.10138035821356879,0.09345123171806335
-89.96670532226562,0.08814045051333426,0.09377720206975937
-91.06015014648438,0.09045021662761618,0.09412805736064911
-90.65141296386719,0.09514720051069711,0.09444596618413925
-89.3751220703125,0.09477965204993635,0.09483352303504944
-91.3109130859375,0.09157198079092191,0.09516493231058121
-84.40165710449219,0.08266567612789423,0.09545868635177612
-90.47946166992188,0.09779525067815498,0.09579591453075409
-89.94065856933594,0.09657450849896604,0.09621480852365494
-90.17674255371094,0.09028346095634811,0.09649420529603958
-87.98359680175781,0.09334985891213413,0.09671833366155624
-91.13796997070312,0.08466566951590077,0.09693672508001328
-91.25438690185547,0.09319750803141076,0.09712239354848862
-90.94828796386719,0.08753325782201557,0.09724083542823792
-88.49102783203125,0.08443945590188727,0.09734717011451721
-90.3543701171875,0.08102849575502101,0.097474604845047
-91.32255554199219,0.07967888870018495,0.09755818545818329
-92.01878356933594,0.08679301802404624,0.0977022722363472
-90.66035461425781,0.08383865955246185,0.09770136326551437
-91.147705078125,0.08154368218141615,0.09771838784217834
-91.7162094116211,0.0860677927321082,0.09789596498012543
-91.44493103027344,0.08073743202650695,0.09805228561162949
-88.03327941894531,0.07819642905604166,0.09770357608795166
-91.88912963867188,0.07915652649469558,0.09768722206354141
-88.50467681884766,0.08503765951519886,0.09752956032752991
-91.1580810546875,0.08231085897748719,0.09751754254102707
-91.06916809082031,0.07335249153677029,0.09771177917718887
-89.62641143798828,0.08124123476649388,0.09777968376874924
-89.07075500488281,0.0838265609720122,0.09787046164274216
-91.50099182128906,0.07750132527838875,0.09792409837245941
-90.52678680419922,0.0772791904771824,0.09765355288982391
-88.81342315673828,0.07823103275218367,0.09764540940523148
-88.66070556640625,0.07068342297064498,0.09766240417957306
-88.25163269042969,0.07267703915330895,0.09765765070915222
-90.65303039550781,0.07085583480242126,0.09796610474586487
-90.40235900878906,0.07155516285615349,0.09766203165054321
-91.34243774414062,0.07262055749695122,0.0975530669093132
-91.50987243652344,0.06689182010983437,0.09801659733057022
-91.72447204589844,0.06826301770590648,0.09768922626972198
-91.60615539550781,0.06981805262234271,0.09772307425737381
-91.81854248046875,0.06943017785956088,0.09752005338668823
-86.51495361328125,0.0665012147833929,0.09785725176334381
-91.41323852539062,0.06913826113756519,0.09783285111188889
-90.89979553222656,0.07139312446826175,0.097681425511837
-90.72248840332031,0.07050237677828544,0.09770285338163376
-91.38552856445312,0.062450215915524895,0.0976928174495697
-90.40479278564453,0.06634635006403958,0.09783224761486053
-92.04603576660156,0.06204194429147898,0.09798283129930496
-90.96405029296875,0.06656289914355429,0.09796807169914246
-91.70913696289062,0.06600517111156232,0.09749189764261246
-91.93156433105469,0.06668917799631072,0.09761378914117813
-91.47299194335938,0.07175148135967699,0.09792467951774597
-91.19294738769531,0.06280048042538618,0.0978040024638176
-90.8349380493164,0.06638792644386621,0.09757188707590103
-91.76315307617188,0.06635782727265162,0.09733215719461441
-91.17645263671875,0.06320612937071371,0.09746970236301422
-89.48442840576172,0.06123124714215294,0.09782357513904572
-89.95176696777344,0.06132570002772861,0.09767546504735947
-91.06414794921875,0.06346576782172676,0.09761351346969604
-88.99476623535156,0.061245546872496066,0.09753130376338959
-90.28086853027344,0.06514310226700576,0.09807971119880676
-91.82151794433594,0.06180375897333195,0.09770623594522476
-91.9259033203125,0.06307218352278413,0.0974390059709549
-90.8175048828125,0.061874485259318865,0.09755662828683853
-90.95001220703125,0.06459940973704648,0.0973457396030426
-88.35789489746094,0.06048637880409832,0.09741206467151642
-88.60305786132812,0.06599714156523809,0.09765557944774628
-89.88134002685547,0.0583480729303388,0.09747621417045593
-90.99131774902344,0.05946016215814475,0.09760402143001556
-91.12315368652344,0.05757703214818814,0.09791078418493271
-91.63753509521484,0.05697820438129037,0.09764039516448975
-91.48575592041016,0.058860329550224445,0.09746391326189041
-89.72808837890625,0.05969326914846893,0.09762775897979736
-89.57386779785156,0.06143017246373226,0.09732380509376526
-89.8714599609375,0.059528902931000556,0.09750308096408844
-92.25528717041016,0.0589878238642291,0.0974588468670845
-89.73916625976562,0.058185534885617375,0.09757723659276962
-91.46153259277344,0.058784012313101416,0.09772501140832901
-91.43266296386719,0.05853764350834946,0.09761807322502136
-89.84812927246094,0.058926959850593104,0.09762968868017197
-90.04261779785156,0.05991483826967191,0.09796307235956192
-91.30076599121094,0.05982150533132856,0.09775737673044205
-92.06427764892578,0.05943653736428369,0.09776977449655533
-90.9935073852539,0.05484827159532614,0.09773211926221848
-91.32034301757812,0.06005221762195376,0.09765475988388062
-90.14871215820312,0.0596773556043223,0.09761081635951996
-87.164794921875,0.05489035198958044,0.09776648879051208
-92.31231689453125,0.05947276729972057,0.09774784743785858
-90.88473510742188,0.059516222068122515,0.09756065160036087
-90.42666625976562,0.0580302062742414,0.09731055796146393
-91.81071472167969,0.057103484320380406,0.09733698517084122
-91.91950988769531,0.058981018566319994,0.09757228940725327
-91.84861755371094,0.0570332947968785,0.09745237231254578
-90.0478515625,0.06155641289022793,0.09766542911529541
-92.30423736572266,0.060127428446696954,0.09777593612670898
-91.10981750488281,0.058236358942567006,0.09741336852312088
-91.18571472167969,0.05967305710419076,0.09753390401601791
-91.72692108154297,0.05824739357996275,0.09737059473991394
-91.51695251464844,0.06058820397611868,0.09759675711393356
-90.1553726196289,0.05281325122955768,0.09757912158966064
-90.68060302734375,0.06083067772198986,0.09779778122901917
-90.27174377441406,0.05459570817983342,0.09754969924688339
-90.97401428222656,0.05681191528980223,0.0978531464934349
-92.36011505126953,0.05841911823347056,0.09726794064044952
-88.02749633789062,0.05322851265672607,0.0977887287735939
-91.70135498046875,0.05435320573799191,0.09759580343961716
-90.62007141113281,0.0586026600019825,0.09764445573091507
-91.91159057617188,0.0578913701855144,0.09734348207712173
-89.68119812011719,0.05688769152535109,0.09726516157388687
-91.5156478881836,0.057106055187132646,0.09754525870084763
-91.77830505371094,0.05704358123034555,0.097356878221035
-91.37469482421875,0.05865026065641371,0.09750057011842728
-91.497314453125,0.05668496245202288,0.09737858176231384
-91.77301025390625,0.0560220749609359,0.09738684445619583
-91.57728576660156,0.057517434812046735,0.09794279932975769
-91.43447875976562,0.05594741882523743,0.09759955108165741
-91.39826965332031,0.05703516949246881,0.09734974801540375
-92.46273803710938,0.055751244562759,0.09737013280391693
-91.04004669189453,0.05752087871372941,0.09766445308923721
-92.39446258544922,0.05837316749127521,0.09746062010526657
-91.51507568359375,0.05972069735341279,0.0973275825381279
-90.97472381591797,0.055871646523229346,0.09788406640291214
-91.77192687988281,0.06208552119897252,0.09774433076381683
-90.07728576660156,0.05512242735543407,0.09746019542217255
-91.0434799194336,0.05853330026187152,0.09742811322212219
-92.05050659179688,0.06005019133068751,0.09729904681444168
-91.94293975830078,0.05807086704424979,0.09724225848913193
-91.79642486572266,0.05694382464420786,0.09744934737682343
-91.10832214355469,0.0592137478053865,0.09765762835741043
-92.13815307617188,0.06658986312995849,0.09743336588144302
-91.93135070800781,0.06530641125460901,0.09730234742164612
-90.17005920410156,0.06325406166652013,0.09729331731796265
-91.05775451660156,0.07005757234443342,0.09749366343021393
-92.33042907714844,0.07463296164967205,0.09728573262691498
-91.97721862792969,0.07407436925612321,0.0973379835486412
-91.33191680908203,0.07009847188441047,0.0974033772945404
-91.940673828125,0.07401229044537343,0.09734882414340973
-90.96019744873047,0.0821455799108789,0.09734612703323364
-87.17817687988281,0.08428373838908243,0.09731651842594147
-92.11956787109375,0.08170769059687724,0.09724879264831543
-90.56478881835938,0.078402195777853,0.09733956307172775
-89.6498031616211,0.0828704869526159,0.09738011658191681
-91.41265869140625,0.08254880812562172,0.09762164205312729
-90.15266418457031,0.08440844338581519,0.0972476601600647
-91.36030578613281,0.09272404227099022,0.09708044677972794
-90.21017456054688,0.09466426725885668,0.09737055003643036
-89.5096435546875,0.0874925437940455,0.09749305993318558
-90.34353637695312,0.09449071739395054,0.09726300835609436
-92.01396942138672,0.09644939641321698,0.09724251180887222
-91.67253112792969,0.09544885195627265,0.09761186689138412
-90.19245910644531,0.09559139613482599,0.09759350121021271
-88.1312255859375,0.10760995302559448,0.09716475754976273
-86.28096771240234,0.1068941815861338,0.09746681898832321
-89.7971420288086,0.10026854608095949,0.09748190641403198
-90.84954833984375,0.09636642414495301,0.09750647842884064
-88.67420959472656,0.10476631361716707,0.09733793884515762
-92.44662475585938,0.10065989314432974,0.09744583815336227
-90.37287902832031,0.10097326076136433,0.09710294008255005
-91.99508666992188,0.11140446433909898,0.09727422893047333
-91.62779235839844,0.10969665333605828,0.09750872850418091
-92.27033996582031,0.11464063356192562,0.0970936194062233
-91.68099975585938,0.10412387710975511,0.09752588719129562
-90.62010192871094,0.10303238221578957,0.09726476669311523
-92.40845489501953,0.11388143558813317,0.09736929088830948
-91.13965606689453,0.11737287490982995,0.09720757603645325
-92.52769470214844,0.10374118204942331,0.09749424457550049
-90.80525207519531,0.10968826271372462,0.0974636822938919
-91.85922241210938,0.10724735291936424,0.09738053381443024
-89.119873046875,0.10187209363106098,0.09719089418649673
-91.81596374511719,0.11625479538915866,0.09697870165109634
-92.13511657714844,0.1074573173270369,0.0971352681517601
-89.62028503417969,0.12213031361766435,0.09716320782899857
-92.220947265625,0.11674523701188878,0.09709030389785767
-92.25238037109375,0.1171925290169832,0.09722697734832764
-90.75283813476562,0.11793528456416538,0.09705860167741776
-91.39778900146484,0.11900087050293323,0.09724914282560349
-92.26396179199219,0.11780102714421639,0.0973624661564827
-90.99219512939453,0.11924897531715511,0.09731851518154144
-91.2239761352539,0.11392792443623596,0.09718231856822968
-92.16065216064453,0.12002909282434546,0.09721977263689041
-91.98058319091797,0.12534526277421132,0.09698774665594101
-90.59574890136719,0.12141804163339075,0.09725534915924072
-90.91905212402344,0.12095367137593788,0.09697895497083664
-92.05111694335938,0.11838018061844487,0.09730412811040878
-92.56737518310547,0.12171769516771634,0.0971267968416214
-91.66291809082031,0.12059269626748854,0.09693475812673569
-92.41586303710938,0.12183024054553998,0.09721332043409348
-92.11332702636719,0.11874598877704155,0.09700566530227661
-91.21199798583984,0.1242627996157586,0.09764370322227478
-90.62364196777344,0.12009124377292071,0.09722166508436203
-92.09046936035156,0.1232601147601523,0.09730714559555054
-92.16712951660156,0.12111968608003017,0.09720715880393982
-91.09390258789062,0.1191800304747202,0.09707604348659515
-92.11503601074219,0.12520640235229252,0.0972926914691925
-90.34732055664062,0.12298013696637558,0.09713073074817657
-91.0083236694336,0.1184880375670883,0.09725755453109741
-92.26885986328125,0.12851292269872333,0.09707354754209518
-92.36432647705078,0.12116996006409385,0.09730111062526703
-91.8141098022461,0.12564877339503241,0.09718581289052963
-90.52789306640625,0.12405179610686957,0.09699424356222153
-92.10757446289062,0.12144531134720248,0.09704925119876862
-92.22020721435547,0.1235898996015969,0.09714708477258682
-91.10650634765625,0.13232753198978203,0.09713952988386154
-91.9069595336914,0.13182587619475952,0.09708484262228012
-90.80982971191406,0.1314190227793723,0.09707783162593842
-92.36265563964844,0.12226293470960449,0.09716440737247467
-91.30712890625,0.1348574291231288,0.09707331657409668
-91.3060531616211,0.1342487096707131,0.09713742136955261
-90.50015258789062,0.13242792893691846,0.09725774079561234
-91.17292785644531,0.1318278627055371,0.09701292961835861
-92.3174057006836,0.12968383902695899,0.09715475142002106
-92.07970428466797,0.13046372198254802,0.09720053523778915
-91.77288818359375,0.13280347209403676,0.09704559296369553
-91.54127502441406,0.13774991548002394,0.09683910757303238
-89.84175872802734,0.1295361814832067,0.09752781689167023
-91.82701110839844,0.12710750755008457,0.09740836918354034
-89.6917724609375,0.13520751740731102,0.09703453630208969
-91.66789245605469,0.13619795405849633,0.09697046875953674
-92.55024719238281,0.13040702487473071,0.0970648005604744
-89.08330535888672,0.13525024206555492,0.09711482375860214
-90.97972106933594,0.14323674373777948,0.09727402031421661
-92.3010482788086,0.13083561305134758,0.09699209034442902
-91.41118621826172,0.13141397706760827,0.09701963514089584
-91.6595230102539,0.13657899904590745,0.09727916866540909
-90.42875671386719,0.13766342036955365,0.09726478904485703
-92.04788970947266,0.13550688475145192,0.09720081090927124
-92.32878112792969,0.13233603640501262,0.09693272411823273
-92.26707458496094,0.14039739936904605,0.09715620428323746
-90.34327697753906,0.13523444825907774,0.09704531729221344
-91.15780639648438,0.13826031204894998,0.09742800146341324
-91.90480041503906,0.13853066748342854,0.09726453572511673
-91.81935119628906,0.14562167613505717,0.09692651033401489
-92.54242706298828,0.13993081275950814,0.09721124172210693
-92.10902404785156,0.14468030204721705,0.09726040810346603
-92.17431640625,0.14283557132656552,0.09707683324813843
-91.28975677490234,0.14949887131377282,0.09710255265235901
-92.14802551269531,0.14472280399782017,0.09710502624511719
-91.97096252441406,0.13817267889947699,0.09686559438705444
-92.11907958984375,0.1357891873387561,0.09715062379837036
-92.26296997070312,0.14917045113351024,0.0969848558306694
-90.72882080078125,0.15504383961636642,0.09705827385187149
-90.61823272705078,0.1490453610375523,0.09720861911773682
-90.88899230957031,0.14893075826368982,0.09738793969154358
-92.101318359375,0.14185554892478394,0.09725034236907959
-91.76315307617188,0.1452576457314339,0.0972440168261528
-91.98210906982422,0.14347873089248728,0.09696894884109497
-92.51520538330078,0.14580450919231588,0.09738891571760178
-91.98612213134766,0.14320462256394587,0.09712813794612885
-91.06153869628906,0.15367084908540354,0.09704749286174774
-86.61717224121094,0.14960666031308129,0.09706755727529526
-92.48004150390625,0.14500567763794533,0.09706559032201767
-90.24166870117188,0.14947275744572636,0.09684963524341583
-92.19721221923828,0.15164474624828334,0.09681116789579391
-92.35870361328125,0.14601957509486024,0.0970277339220047
-92.09661865234375,0.1516768985073023,0.09702257812023163
-91.79289245605469,0.15629421667489032,0.09728515148162842
-92.23040771484375,0.14838779818033657,0.09717388451099396
-90.80432891845703,0.1450722699732297,0.09759511053562164
-92.20246887207031,0.14960690677912208,0.09707967936992645
-92.13232421875,0.15349881139088528,0.09700791537761688
-92.29838562011719,0.15009918843567557,0.09695618599653244
-92.14993286132812,0.14854700515853617,0.09688498824834824
-92.63858032226562,0.15375427287066706,0.09675426781177521
-90.2376708984375,0.14788421442424027,0.09700532257556915
-91.47496032714844,0.1508660866198714,0.0971042662858963
-91.87242126464844,0.1454884466344521,0.09688607603311539
-90.07530212402344,0.14893786763104325,0.09688244760036469
-89.98600769042969,0.15683833109578993,0.0970647782087326
-91.22154235839844,0.15990790271206146,0.09738399088382721
-91.97610473632812,0.15161387470551643,0.0974973812699318
-89.05233764648438,0.155671782801944,0.0974111557006836
-90.86740112304688,0.15360333311419078,0.09706158190965652
-91.10498046875,0.1569949026264467,0.09697035700082779
-88.4461669921875,0.15600728644883874,0.0969444215297699
-90.72770690917969,0.15339255457492088,0.09696172922849655
-92.08624267578125,0.1553105251631593,0.0968630239367485
-91.6190414428711,0.1586508391784602,0.09697528183460236
-90.55927276611328,0.14971593032702019,0.09705905616283417
-91.44954681396484,0.155294205749097,0.0968468189239502
-91.30130004882812,0.15312941674807,0.09694568812847137
-91.06792449951172,0.15840712499620724,0.09676744043827057
-90.0074691772461,0.15070023021278206,0.09691153466701508
-91.2113037109375,0.15193349542565437,0.09707912802696228
-91.93183135986328,0.15616644831221765,0.09695789217948914
-88.98503112792969,0.15733460759906132,0.09686122834682465
-91.27444458007812,0.15308373874130948,0.09698746353387833
-91.52366638183594,0.14899999273771466,0.09713492542505264
-90.66944885253906,0.16077079157318316,0.09696578234434128
-92.04144287109375,0.1610140876492636,0.09694083780050278
-92.10879516601562,0.1514361395846146,0.09675195813179016
-91.44441223144531,0.15737868401011854,0.09684577584266663
-91.86299133300781,0.16099700661805752,0.09709387272596359
-91.95701599121094,0.15571273911250308,0.09719789028167725
-91.2930908203125,0.15105051626370722,0.09691093862056732
-90.419921875,0.15468299643159517,0.09681139886379242
-93.27145385742188,0.14973528824831514,0.0971895232796669
-91.51873779296875,0.1510453896603434,0.09733640402555466
-92.1063461303711,0.1629579839060042,0.09697983413934708
-91.56905364990234,0.15895214863285645,0.09702645987272263
-92.56133270263672,0.16023174369256063,0.09695417433977127
-92.39134216308594,0.16196177634752046,0.09701547026634216
-91.61062622070312,0.15848711493914483,0.09725667536258698
-89.75257110595703,0.15101013636098842,0.09711329638957977
-92.29523468017578,0.15937597253628666,0.09682732820510864
-91.39054107666016,0.16086939632182543,0.09672822803258896
-89.60614776611328,0.15708936510662913,0.09673856198787689
-91.24488830566406,0.15427373374467107,0.09681008756160736
-91.31431579589844,0.15561531447922483,0.09688849747180939
-92.09445190429688,0.15625662140571348,0.09688009321689606
-91.84838104248047,0.15900073764633535,0.09701234847307205
-90.9124755859375,0.15938514959556194,0.09689896553754807
-92.24839782714844,0.16921251390318887,0.09686245024204254
-90.4820556640625,0.15673198668515995,0.09694467484951019
-92.71472930908203,0.1583900737136381,0.09705702215433121
-92.07644653320312,0.15770283717591174,0.09689497202634811
-91.37734985351562,0.16031320072760102,0.09703437238931656
-90.64529418945312,0.1483295775850693,0.09711739420890808
-91.4349365234375,0.1592495946244415,0.09702683240175247
-92.11592102050781,0.15812464108450916,0.09677860885858536
-91.72399139404297,0.1600112655563664,0.0967523530125618
-91.80242919921875,0.15050250342928687,0.0969788208603859
-90.88461303710938,0.1555262224733568,0.09670618176460266
-90.38607788085938,0.15421189825511675,0.09723801165819168
-92.46745300292969,0.15910371315143046,0.09719432145357132
-89.58175659179688,0.16737844152505083,0.09706950187683105
-91.86201477050781,0.1610409481387296,0.09681232273578644
-91.65665435791016,0.16789623170873666,0.09686623513698578
-91.23833465576172,0.15712633989406252,0.09700973331928253
-91.650390625,0.16179053201833937,0.09708958864212036
-91.751220703125,0.1579790001184781,0.09684448689222336
-92.73365783691406,0.16348548171914132,0.09697160869836807
-90.79288482666016,0.16220157181815217,0.096950963139534
-91.10208129882812,0.15829532182877132,0.0968845784664154
-90.49916076660156,0.16728513576351645,0.0968913659453392
-91.99671936035156,0.15824579139542033,0.09686921536922455
-89.20143127441406,0.16321150857365205,0.09672645479440689
-92.06971740722656,0.16044261048865624,0.09668002277612686
-91.61465454101562,0.16841554746762183,0.0969330444931984
-90.77203369140625,0.15378285396866664,0.09683023393154144
-91.7917251586914,0.16175430804722005,0.09713263064622879
-90.10942077636719,0.1559975884419581,0.09701750427484512
-91.53926849365234,0.161713002667233,0.09696804732084274
-91.84049987792969,0.15253741518924727,0.09670989960432053
-91.36447143554688,0.1545340732351488,0.09693121910095215
-92.30469512939453,0.16443485883607725,0.0968884825706482
-90.41506958007812,0.1596683888931124,0.09679346531629562
-91.15213012695312,0.1650049809710241,0.09692531079053879
-92.14661407470703,0.15438669544200376,0.09709044545888901
-91.81233978271484,0.1525629527094332,0.09691797941923141
-92.61333465576172,0.15441277856757252,0.09687972068786621
-91.72345733642578,0.15592269083575752,0.09672873467206955
-90.97937774658203,0.15940674290549647,0.0969357118010521
-92.61731719970703,0.1533595764343695,0.09683758020401001
-91.27700805664062,0.15346293331585678,0.09684506058692932
-92.48902130126953,0.15987429410192805,0.09669191390275955
-92.49049377441406,0.15996329013497876,0.09675318747758865
-90.76065063476562,0.15898012094588457,0.096770279109478
-92.36103057861328,0.15936087663800133,0.09685614705085754
-92.095947265625,0.165866542079466,0.09680413454771042
-91.33551025390625,0.15442241528570202,0.09682421386241913
-91.52403259277344,0.14561133992777006,0.09685355424880981
-88.74427032470703,0.14487606632692887,0.0966658890247345
-92.21141052246094,0.15267607711262407,0.09690243005752563
-92.82408142089844,0.1524611219832784,0.0969938263297081
-89.58756256103516,0.15690702514434612,0.09680438786745071
-91.45834350585938,0.1598219849689658,0.0968422219157219
-92.27964782714844,0.15387283127620982,0.09690312296152115
-90.12809753417969,0.16069960104018868,0.09674783051013947
-91.37522888183594,0.15627057584108428,0.09671501815319061
-91.89237976074219,0.15072988600412066,0.0970553383231163
-90.60124206542969,0.15573426045166536,0.09704839438199997
-92.16923522949219,0.15537003229261115,0.09685951471328735
-92.63636779785156,0.15593307641804524,0.09685362875461578
-90.38069152832031,0.15925276247185713,0.09697052091360092
-91.946044921875,0.15277558916760314,0.09721647202968597
-91.97810363769531,0.1525216288782664,0.09685727208852768
-92.053955078125,0.152521710167301,0.09677168726921082
-91.08489990234375,0.15393604964618207,0.0968150720000267
-92.69562530517578,0.14915980237737392,0.09697423875331879
-92.48174285888672,0.15655918195615284,0.09672292321920395
-91.25498962402344,0.14874838223704828,0.09670252352952957
-92.26123046875,0.151912509603645,0.09682007879018784
-91.09587097167969,0.15642305081491237,0.09680113196372986
-92.47395324707031,0.15342894087027326,0.09665213525295258
-91.34127807617188,0.15892087294295784,0.09682783484458923
-91.82449340820312,0.15285081893932903,0.09672760218381882
-91.3831787109375,0.1535426705216708,0.09686972200870514
-92.27520751953125,0.15831152403412774,0.09686727076768875
-92.60860443115234,0.15672726319974706,0.09681583195924759
-90.37289428710938,0.15550838322290758,0.0966748297214508
-91.24026489257812,0.15205510043829815,0.0967988446354866
-92.29164123535156,0.151358879313388,0.09677613526582718
-91.44483184814453,0.15745890272090132,0.09681565314531326
-92.34341430664062,0.15025958183537827,0.09682091325521469
-91.77442932128906,0.14526053095833016,0.09678469598293304
-90.94088745117188,0.14829107186468718,0.09702622890472412
-92.34890747070312,0.1475175121928276,0.0969991683959961
-92.39631652832031,0.14617521267716052,0.09682942926883698
-91.71543884277344,0.14794207743956506,0.09681735932826996
-89.5533218383789,0.14635309829885126,0.0967705100774765
-90.51592254638672,0.1517801399419064,0.09697771072387695
-92.70565795898438,0.15106891239118453,0.09672550857067108
-92.52926635742188,0.1478377738312558,0.09670339524745941
-92.21882629394531,0.1491300551721656,0.09668228030204773
-91.92943572998047,0.1565573936512759,0.09678733348846436
-92.49578857421875,0.14823064343797496,0.09687778353691101
-92.60941314697266,0.14932501334155748,0.09671374410390854
-92.51971435546875,0.14140886882930415,0.09692999720573425
-91.58538818359375,0.15055031453232018,0.09689196944236755
-92.31143951416016,0.15055925113827529,0.09670238196849823
-91.54878234863281,0.14860403079613027,0.09688891470432281
-90.16715240478516,0.15084056491144837,0.09685970097780228
-91.29020690917969,0.14877908892708358,0.09678485989570618
-92.39505004882812,0.1465351225826538,0.09671755135059357
-89.45634460449219,0.1464286894038848,0.09668135643005371
-92.48939514160156,0.143454499743782,0.0969521626830101
-92.87544250488281,0.15434764919220878,0.09680480509996414
-91.9916763305664,0.14710445700052413,0.09688164293766022
-91.80189514160156,0.15037673800820694,0.0968485027551651
-92.39971923828125,0.1492261433450489,0.09698906540870667
-92.68675231933594,0.14514797709797506,0.0967455506324768
-92.92259216308594,0.1376118910117125,0.09668229520320892
-91.61882019042969,0.13962861910464122,0.09694409370422363
-89.64927673339844,0.13988658994309727,0.09661605209112167
-90.74632263183594,0.13498401470982627,0.09691770374774933
-91.58880615234375,0.1427367508196172,0.09661024808883667
-92.21656799316406,0.13340685834911453,0.09640279412269592
-92.10883331298828,0.13638204761397987,0.096451535820961
-93.35139465332031,0.1381828880149289,0.09616958349943161
-93.23945617675781,0.13655631726030448,0.09591198712587357
-92.36802673339844,0.13053957850369186,0.095878466963768
-94.03005981445312,0.13096656812730562,0.09564966708421707
-93.95055389404297,0.13283195799188577,0.09531502425670624
-93.63773345947266,0.13162154664785328,0.09529584646224976
-93.3715591430664,0.13106536259020402,0.09525005519390106
-92.89546966552734,0.13583029951048534,0.09519156813621521
-90.70535278320312,0.12435041262760309,0.09514601528644562
-94.39872741699219,0.12373963757036335,0.09509074687957764
-92.79135131835938,0.12690504633262356,0.09498590230941772
-92.66954040527344,0.1267753394621438,0.09468717128038406
-94.26889038085938,0.1279947973656988,0.09503217786550522
-94.67691802978516,0.12785908715015984,0.09484363347291946
-94.19407653808594,0.12011219384143032,0.09482656419277191
-94.3629150390625,0.1215538633128419,0.09469220787286758
-94.67343139648438,0.12156486828048503,0.09473519772291183
-93.40389251708984,0.12421446370200778,0.09466775506734848
-95.03321838378906,0.1248742802432595,0.09462723135948181
-93.29899597167969,0.12306787630179633,0.09454008936882019
-91.0003890991211,0.12840820999857747,0.09442900866270065
-93.89653015136719,0.1259942508041743,0.094627246260643
-94.61515808105469,0.11935849126001974,0.09442585706710815
-95.30877685546875,0.1275766918573576,0.09427186846733093
-93.91127014160156,0.12200693718768832,0.09425047039985657
-94.7938232421875,0.12109118645870526,0.09391210228204727
-93.29751586914062,0.12207284131432454,0.09402140974998474
-91.49877166748047,0.11636638889461673,0.0943823754787445
-94.84831237792969,0.11877418097635632,0.09457129240036011
-94.8875732421875,0.11132264199675998,0.09405604749917984
-95.45542907714844,0.11758986609433353,0.09405517578125
-94.5718994140625,0.11486600323286018,0.09417908638715744
-92.98229217529297,0.12272904118332456,0.09395671635866165
-95.77640533447266,0.11779972715479355,0.09393154084682465
-94.33358764648438,0.10922625567349231,0.09384898096323013
-95.76966857910156,0.11288593269633443,0.09393328428268433
-94.10813903808594,0.11699165285120912,0.09379268437623978
-95.35781860351562,0.11520204496827029,0.09385459870100021
-90.51972961425781,0.10901160095439066,0.09389354288578033
-95.37415313720703,0.11130450519468278,0.09378673136234283
-95.50414276123047,0.11405691815856722,0.09363154321908951
-94.88511657714844,0.1086847304880313,0.09378675371408463
-95.50082397460938,0.10824797078030096,0.09387196600437164
-94.50601196289062,0.11059910346161642,0.09365364909172058
-94.08296966552734,0.11620795083383871,0.09361855685710907
-94.76814270019531,0.11436492000397548,0.09371104836463928
-95.66862487792969,0.1061862082659658,0.09360522776842117
-95.4881591796875,0.10744513715929484,0.09363949298858643
-95.72283935546875,0.1054964487408397,0.09353616088628769
-93.22711944580078,0.10449578721505415,0.09366945922374725
-93.40535736083984,0.11030791655908534,0.09358913451433182
-95.92851257324219,0.10754765652351853,0.0937761589884758
-95.75,0.11138796295489375,0.0934191346168518
-96.01246643066406,0.10299068943154173,0.09352570027112961
-95.6195297241211,0.10830370880680633,0.09344983100891113
-94.71953582763672,0.1090230903887809,0.0933317318558693
-95.75712585449219,0.10413116458385165,0.09343882650136948
-94.58186340332031,0.10311519316272248,0.09346231073141098
-96.03700256347656,0.10813905600635842,0.09388378262519836
-95.01144409179688,0.10460891765688138,0.09345579892396927
-94.72261047363281,0.10397098649835593,0.09341245144605637
-94.16663360595703,0.10622862519117897,0.09332232177257538
-95.86214447021484,0.10035672374650044,0.0933193638920784
-95.16642761230469,0.10746690062743877,0.09339044988155365
-94.80903625488281,0.10687871628175664,0.09340915083885193
-94.67694854736328,0.10684717926515541,0.09308061748743057
-95.43727111816406,0.10364129550019228,0.09324314445257187
-95.90548706054688,0.1035695382432716,0.0935383215546608
-96.23509979248047,0.103856073553438,0.09316185861825943
-95.83073425292969,0.10281850334240296,0.09317189455032349
-93.45541381835938,0.10375980865157315,0.09362511336803436
-95.50088500976562,0.10616314236675412,0.09337501972913742
-95.33967590332031,0.10268932773707119,0.09329773485660553
-95.53038787841797,0.10146911130739805,0.09316587448120117
-96.54844665527344,0.10386978873043665,0.09300260245800018
-95.13400268554688,0.09748182234263181,0.09283826500177383
-96.15909576416016,0.10340160704056942,0.09291332960128784
-96.86738586425781,0.10306957576499565,0.09283771365880966
-95.96064758300781,0.09964853752718253,0.09311229735612869
-95.33206176757812,0.10303782254214222,0.09291776269674301
-95.86972045898438,0.10323540193954918,0.09318055957555771
-96.92347717285156,0.10752734874422372,0.09307147562503815
-95.08483123779297,0.09614882628502053,0.09298546612262726
-95.15919494628906,0.10540124158555014,0.09291614592075348
-93.76353454589844,0.10274958750630997,0.0927874818444252
-96.08352661132812,0.10133053210957194,0.09270566701889038
-96.36261749267578,0.09956628859576377,0.09266155958175659
-96.36314392089844,0.10366351334658228,0.09279885143041611
-94.3936767578125,0.1042218667957022,0.09295082092285156
-96.70006561279297,0.09921446619158641,0.09287990629673004
-96.54440307617188,0.09651802820158133,0.09283779561519623
-95.68035125732422,0.09614762486742838,0.0926237478852272
-96.9898681640625,0.09751420617499812,0.09288639575242996
-96.29916381835938,0.10360121515161971,0.09263662248849869
-96.42852020263672,0.10086938850374466,0.09256438165903091
-95.63278198242188,0.10163104761580194,0.092702217400074
-95.02278137207031,0.09511764434732506,0.0931047722697258
-96.38948822021484,0.09559873714664407,0.09282385557889938
-96.67611694335938,0.0957134936359942,0.09277084469795227
-94.56451416015625,0.09293129819075124,0.0928807258605957
-96.01896667480469,0.09638973627783047,0.0928419828414917
-96.39492797851562,0.09654538107551713,0.09302327036857605
-95.45777893066406,0.09111272083866313,0.09272215515375137
-96.53958129882812,0.09502532915380787,0.0927695631980896
-96.7325439453125,0.09310089531559186,0.09269992262125015
-96.51439666748047,0.08800888643621939,0.09280321002006531
-96.68528747558594,0.0908899471559995,0.09286592155694962
-97.17366027832031,0.09519024386314427,0.09260110557079315
-95.75569152832031,0.09191054811783053,0.09243675321340561
-96.98030853271484,0.09424822154523622,0.09269671887159348
-96.2020034790039,0.09074154137595912,0.09262173622846603
-96.46658325195312,0.08979417019212738,0.09272816777229309
-95.52308654785156,0.08913882681003446,0.09261784702539444
-96.35813903808594,0.08958692803364242,0.09272182732820511
-95.21110534667969,0.09390659983990568,0.09277097880840302
-96.57643127441406,0.0903572419053916,0.09263043850660324
-96.7035903930664,0.09207926804485513,0.09265932440757751
-96.07559204101562,0.0953130290276884,0.09265700727701187
-95.50430297851562,0.09464111007551924,0.09264465421438217
-92.5391616821289,0.09113234681657922,0.09269565343856812
-96.6043701171875,0.09450277268884227,0.09270652383565903
-95.75228881835938,0.08953864467494424,0.09264203161001205
-96.36534881591797,0.08473495440142177,0.09282489866018295
-96.86555480957031,0.0900309554279717,0.09278270602226257
-97.35748291015625,0.08574431297559633,0.09284831583499908
-96.78890228271484,0.08793917717284395,0.0925649106502533
-95.45114135742188,0.08452508309401875,0.09256813675165176
-96.86457824707031,0.08658947922678095,0.09248723834753036
-96.71546936035156,0.09084955836266173,0.09266696870326996
-96.88428497314453,0.08615816328533293,0.0925912857055664
-96.18539428710938,0.0876157949453582,0.09257027506828308
-97.00215911865234,0.08755081504749403,0.09245835244655609
-94.15046691894531,0.08674195360156568,0.09237824380397797
-96.26878356933594,0.08577625387194186,0.09268809109926224
-96.60877990722656,0.08941537408644257,0.09269275516271591
-95.42724609375,0.08226400177805293,0.09262460470199585
-95.78892517089844,0.08660691753170542,0.09293291717767715
-96.94335174560547,0.08371313566991537,0.09247434139251709
-96.88522338867188,0.08558600231942368,0.09235133230686188
-97.22946166992188,0.08308879747088202,0.09259607642889023
-94.39924621582031,0.08515532971078661,0.09234651178121567
-95.942626953125,0.08421162891145773,0.09275251626968384
-95.68800354003906,0.08511550355144329,0.0927000343799591
-95.2573471069336,0.07963453417462893,0.09254390746355057
-97.021240234375,0.08291477470409653,0.09267346560955048
-95.77679443359375,0.08471433494752208,0.0923568531870842
-95.79505920410156,0.08176701812401645,0.09247714281082153
-97.29707336425781,0.0817482444600017,0.09253774583339691
-95.72755432128906,0.07725735960082673,0.09251513332128525
